# Trajectory oracle vectors for vanilla 26.2 particles (Rewo M37).
#
# Produced by a standalone Java harness whose class bodies are COPIED
# VERBATIM from the 26.2 decompile (net.minecraft.client.particle.*),
# run on Temurin 25.0.3 in an EMPTY world so no collision code runs.
# Regenerate with scratchpad Oracle.java if the version pin moves.
#
# Format, one particle per line:
#   <kind> <seed> <lifetime> then 12 semicolon-separated ticks of
#   x,y,z,xd,yd,zd,removed  -- doubles as raw IEEE-754 bit patterns
#   (signed, as Java prints them), state sampled BEFORE each tick.
# And:
#   scalars <seed> flameQuad poofQuad poofR terrainUo terrainVo
#           critR critG critB critLifetime critAge   -- floats as raw bits
flame 0 15 4622087066604273664,4634627806401789952,-4608856360278294528,4562065959264307316,4587427807460362984,4554364036424015574,0;4622101137410408295,4634629777362521489,-4608871967929419505,4561708889633050908,4587137127847447630,4554134899789904586,0;4622101660461333678,4634633183762331867,-4608872639227777135,4561366102794706639,4586858075425286198,4553914928626074777,0;4622102162590210822,4634636453906076736,-4608873283674186055,4561037027437251548,4586590185105999039,4553703756313518229,0;4622102644633922106,4634639593244001641,-4608873902342724790,4560721115101155852,4586333010405231669,4553501030897995209,0;4622103107395874595,4634642607008342187,-4608874496264508700,4560417839265282727,4586086122698013364,4553306414503443125,0;4622103551647339055,4634645500222044442,-4608875066429408510,4560126694469352121,4585849110504381426,4553099942266126823,0;4622103978128735404,4634648277707136525,-4608875613787700093,4559847195471506028,4585621578803580496,4552741225343724319,0;4622104387550866748,4634650944092765327,-4608876139251648268,4559578876439571177,4585403148375693904,4552396857105915146,0;4622104780596104053,4634653503822911762,-4608876643697027240,4559321290174671222,4585193455169609784,4552066263605007680,0;4622105157919523432,4634655961163797414,-4608877127964580229,4559074007365894467,4584992149696268557,4551748893851230280,0;4622105520149997939,4634658320210994911,-4608877592861420708,4558836615874774895,4584798896446180526,4551444218894413992,0;
flame 1 28 4622091898122141696,4634628708199301120,-4608779961715654656,-4663541328792194601,4587503520136856584,-4673039024017191483,0;4622100184149862412,4634629814331601809,-4608870890181959765,-4663808988327418678,4587209812015256868,-4673287063703080422,0;4622099792070684202,4634633256221728500,-4608870526842779170,-4664065941475490441,4586927852224823433,-4673525181796211450,0;4622099415674681534,4634636560436176268,-4608870178037173595,-4664312616492125717,4586657170832057536,-4673753775160507776,0;4622099054334527049,4634639732481975225,-4608869843183799728,-4664549424502802510,4586397316700810468,-4673973224785327168,0;4622098707447986497,4634642777645874159,-4608869521724568001,-4664776760187970883,4586147856740389147,-4674183896420444906,0;4622098374436915011,4634645701003151793,-4608869213123712441,-4664995002440854427,4585908375183737509,-4674386141185637412,0;4622098054746293530,4634648507426075593,-4608868916866897725,-4665204514998939658,4585678472894490654,-4674580296155882516,0;4622097747843303768,4634651201592022222,-4608868632460361955,-4665405647050205828,4585457766701746841,-4674796956635728556,0;4622097453216440182,4634653787991273175,-4608868359430093718,-4665598733815105526,4585245888761448621,-4675154823060886455,0;4622097170374657461,4634656270934498592,-4608868097321042069,-4665838980254698231,4585042485943308737,-4675498374821359057,0;4622096898846552118,4634658654559941714,-4608867845696358110,-4666194877763851495,4584847219242259000,-4675828184504040934,0;
flame 42 19 4622101779310444544,4634623371890655232,-4608880554440392704,-4662081199617652320,4587580974301828954,-4661958085638228192,0;4622100095030650099,4634629852151018299,-4608869248463029153,-4662407264351189061,4587284168011968357,-4662289074933583638,0;4622099617397029981,4634633330347784009,-4608867309073710398,-4662720286488387742,4586999233980070956,-4662606824650022606,0;4622099158868764917,4634636669416604457,-4608865447260006008,-4663020787733381750,4586725697315563472,-4662911864370985846,0;4622098718681640294,4634639874922600438,-4608863659918889744,-4663309268922127940,4586463102123505748,-4663204702496565114,0;4622098296102010101,4634642952208287797,-4608861944071456482,-4663586210857134148,4586211010744765014,-4663485827090837587,0;4622097890425574184,4634645906402481630,-4608860296857957369,-4663852075108797578,4585969003026583204,-4663755706695306882,0;4622097500976204408,4634648742428844320,-4608858715533033566,-4664107304784689643,4585736675622321588,-4664014791109806417,0;4622097127104817780,4634651465014091648,-4608857197461140647,-4664352325268069391,4585513641319215642,-4664263512142166622,0;4622096768188294639,4634654078695870662,-4608855740112156019,-4664587544926856380,4585299528393019731,-4664502284327895444,0;4622096423628440126,4634656587830322432,-4608854341057162047,-4664813355794244623,4585093979988466021,-4664731505621071618,0;4622096092850987187,4634658996599342291,-4608852997964397854,-4665030134222091960,4584896653524505050,-4664951558057602190,0;
flame 1660 19 4622099626384228352,4634625225680879616,-4608891430780272640,4557844355474769544,4587469109724096659,4557224659375732243,0;4622100879744161375,4634629797529642453,-4608872317126557166,4557656150085680436,4587176778019745707,4556881097762170279,0;4622101155435495244,4634633223289888523,-4608873323654159457,4557308122933444732,4586896139589841551,4556551278620522826,0;4622101420099169843,4634636512019651241,-4608874289920636059,4556961222775783335,4586626726703155409,4556234652251618422,0;4622101674176291778,4634639669200152882,-4608875217536432863,4556628198631872064,4586368090337717686,4555930690944264259,0;4622101918090323384,4634642700093366712,-4608876108047577890,4556308495460863166,4586119799432447206,4555638888095726565,0;4622102152247788492,4634645609750786953,-4608876962938258008,4556001580423554710,4585881440168715290,4555358757367391788,0;4622102377038949971,4634648403021847950,-4608877783633292577,4555706941994324275,4585652615280647286,4555089831874201356,0;4622102592838460168,4634651084562006570,-4608878571500508153,4555424089108585312,4585432943393012052,4554831663406509056,0;4622102800005985326,4634653658840501305,-4608879327853018200,4555152550344345272,4585222058385595874,4554583821683064143,0;4622102998886805033,4634656130147801013,-4608880053951411616,4554891873136501423,4585019608783001445,4554345893633875132,0;4622103189812387684,4634658502602755704,-4608880751005853715,4554641623022564854,4584825257168854890,4554117482711759064,0;
flame -1 35 4622088577035010048,4634623591960281088,-4608899751455227904,-4672235032614861730,4587318173566239500,4549699403459429256,0;4622100485678166565,4634629723830346624,-4608871608466155526,-4672515231974095643,4587031879311441573,4549476708162262302,0;4622100383066153872,4634633078839270280,-4608871934679787449,-4672784223352947774,4586757036832978772,4549262920681760549,0;4622100284558623889,4634636299647764999,-4608872247844867096,-4673042455070873891,4586493188059551963,4549057684705066247,0;4622100189991397219,4634639391623850818,-4608872548483336837,-4673290357514541912,4586239893242723806,4548860658171843604,0;4622100099206861645,4634642359920826858,-4608872837096261337,-4673528343855143802,4585996730224003893,4548671512704177597,0;4622100012053709442,4634645209485860163,-4608873114164662664,-4673756810737014984,4585763293731250489,4548344242474352744,0;4622099928386685197,4634647945068230991,-4608873380150321993,-4673976138938708951,4585539194703216225,4547995609563935866,0;4622099848066343717,4634650571227248287,-4608873635496549241,-4674186694007628887,4585324059641111975,4547660921977416514,0;4622099770958817620,4634653092339848540,-4608873880628921920,-4674388826869274004,4585117529986108192,4547339621901539553,0;4622099696935594221,4634655512607890685,-4608874115955994432,-4674582874412116016,4584919261521736206,4547031173835592022,0;4622099625873301346,4634657836065159211,-4608874341869978994,-4674801906887586229,4584728923800193479,4546735063698900969,0;
smoke 0 11 4622100592565682176,4634626229029306368,-4608871268660281344,4581109373364547296,4582292365499801424,-4648491015543148623,0;4622111241299971479,4634628130412512707,-4608855192490050984,4580891287169311873,4583133764229947813,-4648820255686084474,0;4622121464084660713,4634630237215330898,-4608839759366974796,4580681924426565489,4583941506992833889,-4649136326216238164,0;4622131277957743021,4634632541220972059,-4608824943569152814,4580480936198021397,4584690680345518586,-4649439753918403568,0;4622140699275691454,4634635034541319040,-4608810720403561624,4580287987502931808,4585062888194017502,-4649731044505971504,0;4622149743740719790,4634637709603779546,-4608797066164899278,4580044692483777633,4585420207720589747,-4650010683463786305,0;4622158426426952919,4634640559138665136,-4608783958096076414,4579689049464886985,4585763234458431857,-4650279136857288113,0;4622166761805550413,4634643576167075063,-4608771374350287733,4579347632174383235,4586092540119399727,-4650536852109289463,0;4622174763768825149,4634646753989264760,-4608759293954600617,4579019871582825655,4586408673546862750,-4650784258745680790,0;4622182445653397192,4634650086173479585,-4608747696775000203,4578705221421963357,4586712161630443764,-4651021769111307693,0;4622189820262421518,4634653566545235221,-4608736563482832654,4578403157274287211,4587003510184169390,-4651249779057213101,0;4622196899886926629,4634657189177026856,-4608725875522590701,4578113175698999705,4587283204789494329,-4651468668600389730,0;
smoke 1 8 4622100592565682176,4634626229029306368,-4608871268660281344,4568827823817645960,4583843397294473815,-4645505272064145340,0;4622102223767169318,4634628509082384453,-4608845045445400184,4568560567622625301,4584622754719551778,-4645773797928576843,0;4622103789720561973,4634630979408271395,-4608819871159676959,4568304001681140164,4585017679247034177,-4646031582752669146,0;4622105293035785320,4634633632396050757,-4608795703845922845,4568057698382819741,4585376807132455834,-4646279056178266294,0;4622106736218367475,4634636460739242922,-4608772503225237470,4567821247221717230,4585721569894754576,-4646516630661529353,0;4622108121673615377,4634639457423627616,-4608750230629877341,4567594254112132511,4586052542139163562,-4646744702160364094,0;4622109451710623634,4634642615715553525,-4608728848938809535,4567376340731801925,4586370275486694295,-4646963650794351562,0;4622110728546123021,4634645929150715533,-4608708322515843243,4567167143891360476,4586675299493505981,-4647173841478281403,0;4622111954308175035,4634649391523380867,-4608688617150236052,4566966314929025562,4586968122533500094,-4647375624530343848,0;4622111954308175035,4634649391523380867,-4608688617150236052,4566966314929025562,4586968122533500094,-4647375624530343848,1;4622111954308175035,4634649391523380867,-4608688617150236052,4566966314929025562,4586968122533500094,-4647375624530343848,1;4622111954308175035,4634649391523380867,-4608688617150236052,4566966314929025562,4586968122533500094,-4647375624530343848,1;
smoke 42 10 4622100592565682176,4634626229029306368,-4608871268660281344,4561389424421087392,4585024170683757180,-4642168389063167742,0;4622101096117998431,4634628885186732567,-4608827937204162718,4561059416198076643,4585383038911570626,-4642390246237508506,0;4622101579528211230,4634631716572785628,-4608786339007218629,4560742608311067533,4585727552402571057,-4642603229120115101,0;4622102043602005145,4634634716178316717,-4608746404739044904,4560438472746336747,4586058285346539013,-4642807692682847315,0;4622102489112837345,4634637877274543103,-4608708067842455025,4560146502610721233,4586375788965651492,-4643003977698682929,0;4622102916803226697,4634641193401833508,-4608671264422551361,4559866211286795339,4586680592433186583,-4643192411309673299,0;4622103327385991298,4634644658358942046,-4608635933140233560,4559597131621840880,4586973203755479898,-4643535399325380038,0;4622103721545436505,4634648266192672797,-4608602015109966598,4559338815149258423,4587254110618602722,-4643882720141631036,0;4622104099938495446,4634652011187957808,-4608569453801638116,4559090831341122135,4587523781201173026,-4644216148117779298,0;4622104463195823910,4634655887858331964,-4608538194946341463,4558852766890632453,4587782664954654015,-4644536238967727041,0;4622104811922851441,4634659890936788875,-4608508186445927419,4558624225023270668,4588031193352440722,-4644843526176808470,0;4622104811922851441,4634659890936788875,-4608508186445927419,4558624225023270668,4588031193352440722,-4644843526176808470,1;
smoke 1660 18 4622100592565682176,4634626229029306368,-4608871268660281344,4579694282005154821,4583244358844007141,-4650260375827671169,0;4622108933054182275,4634628362832762757,-4608858648271856692,4579352655412928079,4584047677819957741,-4650518841521259765,0;4622116939922963403,4634630692759016009,-4608846532699239830,4579024693891720918,4584741642341398945,-4650766968581558745,0;4622124626516821477,4634633210963150041,-4608834901749787615,4578709850838399334,4585111811708969121,-4651005170554121537,0;4622132005646760291,4634635909914045582,-4608823736038563062,4578407601513966413,4585467174293893517,-4651233844442670557,0;4622139089611343214,4634638782381828293,-4608813016956027081,4578117442168996375,4585808322367795683,-4651453371370770807,0;4622145890217190815,4634641821425818964,-4608802726637022546,4577838889204051283,4586135824511421519,-4651664117217036510,0;4622152418798658586,4634645020382965702,-4608792847930998998,4577571478363681093,4586450226562274888,-4651866433224929470,0;4622158686236727558,4634648372856738834,-4608783364373428366,4577314763962663725,4586752052524347786,-4652060656588165481,0;4622164702977139287,4634651872706470009,-4608774260158364055,4577068318143195545,4587041805441461285,-4652275806951686573,0;4622170479047805441,4634655514037117743,-4608765520112097671,4576831730161794246,4587319968235672821,-4652633799438799677,0;4622176024075521008,4634659291189442339,-4608757129667869484,4576604605704725626,4587587004512147170,-4652977472218746571,0;
smoke -1 9 4622100592565682176,4634626229029306368,-4608871268660281344,4575960285923213780,4580438870498868277,-4647215156493298452,0;4622105286573633504,4634627677899084745,-4608851724681451563,4575768019254387543,4581354409068823680,-4647415286943873691,0;4622109792821166057,4634629350289021802,-4608832962462194342,4575509665104455966,4582233326076335541,-4647607412172131587,0;4622114118818700614,4634631237258306396,-4608814950732110003,4575155279196317732,4583077086384687414,-4647868889327921341,0;4622118271776240963,4634633330223760022,-4608797659471615527,4574815068732109324,4583887096262600080,-4648223014532815663,0;4622122258615390585,4634635620945531497,-4608781059861911861,4574488466693769376,4584664563195590121,-4648562974721915510,0;4622126085980888674,4634638101513363865,-4608765124236952530,4574174928743971146,4585037815730646589,-4648889336496156609,0;4622129760251684713,4634640764333410616,-4608749826037333514,4573873932318892640,4585396138156291667,-4649202643792425100,0;4622133287551570069,4634643602115579264,-4608735139766027522,4573584975757275956,4585740127677222177,-4649503418790120006,0;4622136673759384323,4634646607861381179,-4608721040945888903,4573307577464324275,4586070357609934252,-4649792162781453185,0;4622136673759384323,4634646607861381179,-4608721040945888903,4573307577464324275,4586070357609934252,-4649792162781453185,1;4622136673759384323,4634646607861381179,-4608721040945888903,4573307577464324275,4586070357609934252,-4649792162781453185,1;
splash 0 11 4622100592565682176,4634626229029306368,-4608871268660281344,4583366766183711273,4593556422989447168,4576100945736107898,0;4622115650270321409,4634632097875623936,-4608890594144480775,4583212575435253423,4590553925434396672,4576001999351369525,0;4622130406821155060,4634635034595422900,-4608909533119364822,4583061468498823775,4586054935255822756,4575905031892438667,0;4622144868241253497,4634635097831177706,-4608928093315112421,4582913383698240584,4561261891546540577,4575810003780836918,0;4622159040433225795,4634632345052514430,-4608946282307299075,4582768260590844563,-4637686278823109913,4575716876229654687,0;4622172929181628960,4634626832579667723,-4608964107519988924,4582626039942828459,-4633175739332817622,4575594001047015731,0;4622186540155328969,4634618615606468616,-4608981576228764965,4582486663705060034,-4630461719086354974,4575415121639741934,0;4622199878909814586,4634607748222872573,-4608998695563698674,4582350074989388586,-4628751198064962819,4575239819817201759,0;4622212950889464908,4634594283437036980,-4609015472512260234,4582216218045425344,-4627447925491880943,4575068024027768771,0;4622225761429771551,4634578273196957086,-4609031913922170558,4582085038237788249,-4626170718345402753,4574899664150847698,0;4622238315759516403,4634559768411669227,-4609048026504196270,4581956482023801839,-4625057936313496362,4574734671468253837,0;4622250619002905813,4634538818972029982,-4609063816834888791,4581830496931643142,-4624444621417883958,4574572978636164867,0;
splash 1 8 4622100592565682176,4634626229029306368,-4608871268660281344,-4641573429493527623,4597518538373070848,-4651030801640493309,0;4622088597671243066,4634639723885232128,-4608860153009772360,-4641696257095446467,4595939199331630464,-4651144625793154026,0;4622076842674463954,4634650134094592575,-4608849259672061542,-4641816628147669685,4594391447040895386,-4651256173464932552,0;4622065322777396215,4634657521350260180,-4608838584200897166,-4641934591781144334,4592077679615002035,-4651365490185403110,0;4622054033278050107,4634661946111251141,-4608828122238952459,-4642050196144199468,4589041493507935876,-4651472620573549308,0;4622042969568475591,4634663467627402487,-4608817869516047100,-4642163488422198477,4581764709080086592,-4651577608355975932,0;4622032127132881541,4634662143963555635,-4608807821847404293,-4642274514856798385,-4642401522768567013,-4651680496384756507,0;4622021501545792569,4634658032023256281,-4608797975131942699,-4642383320764823956,-4634958386999942615,-4651781326654923903,0;4622011088470242710,4634651187571980293,-4608788325350602525,-4642489950556764323,-4631839072313450443,-4651880140321611136,0;4622011088470242710,4634651187571980293,-4608788325350602525,-4642489950556764323,-4631839072313450443,-4651880140321611136,1;4622011088470242710,4634651187571980293,-4608788325350602525,-4642489950556764323,-4631839072313450443,-4651880140321611136,1;4622011088470242710,4634651187571980293,-4608788325350602525,-4642489950556764323,-4631839072313450443,-4651880140321611136,1;
splash 42 10 4622100592565682176,4634626229029306368,-4608871268660281344,-4639841360324028274,4597870492689367040,-4639722447382858236,0;4622085214723646388,4634640411296006144,-4608808828284785300,-4639998829276300507,4596284114568313728,-4639882294591685786,0;4622070144438158006,4634651495167938238,-4608747636715608221,-4640153148852530778,4594729463979423721,-4640038944859385628,0;4622055375558091949,4634659542612938906,-4608687668976647547,-4640304382040179855,4592740192827411894,-4640192462124719340,0;4622040902055345519,4634664614359488861,-4608628900591322293,-4640452590566960495,4589754019860033749,-4640342909047674487,0;4622026718022377958,4634666769921500361,-4608571307572582626,-4640597834926032376,4584309819935949973,-4640490347035040079,0;4622012817669799209,4634666067622608553,-4608514866413119253,-4640740174400693135,-4646580247092733152,-4640634836265470515,0;4621999195324006907,4634662564619976994,-4608459554075768617,-4640879667088575589,-4636180549280501466,-4640776435714048256,0;4621985845424870625,4634656316927627060,-4608405347984109995,-4641016369925361006,-4632437931842579727,-4640915203176355237,0;4621972762523462440,4634647379439300767,-4608352226013250646,-4641150338708018114,-4629738667731849276,-4641051195292062858,0;4621959941279832882,4634635805950866339,-4608300166480795263,-4641281628117577332,-4628396902894359472,-4641184467568050170,0;4621959941279832882,4634635805950866339,-4608300166480795263,-4641281628117577332,-4628396902894359472,-4641184467568050170,1;
splash 1660 18 4622100592565682176,4634626229029306368,-4608871268660281344,4579481780091086919,4594688455572717568,4578754986228805524,0;4622108725532781818,4634634196379762688,-4608900961490155376,4579315217083733263,4592659816348703488,4578602959084835003,0;4622116695840694591,4634639189633657655,-4608930060463998273,4579151985333349743,4589675250909366451,4578453972480844205,0;4622124506742601130,4634641268272865769,-4608958577458919331,4578992018214860495,4584001045643324571,4578307965606091529,0;4622132161426618520,4634640490589625176,-4608986524114485886,4578835250435689901,-4645975049467408560,4578164878866049046,0;4622139663017101563,4634636913710330370,-4609013911837474150,4578681618009112611,-4636032275859411134,4578024653858078250,0;4622147014575918027,4634630593618849044,-4609040751806525028,4578531058228136561,-4632365277864831419,4577887233347592290,0;4622154219103698382,4634621585179372606,-4609067054976706820,4578383509639908332,-4629683941884570029,4577752561244694961,0;4622161279541060545,4634609942158809683,-4609092832083986670,4578238912020630401,-4628362014452886685,4577620582581286912,0;4622168198769810132,4634595717248731753,-4609118093649612582,4578097206350980048,-4627066525544623244,4577491243488629731,0;4622174979614116701,4634578962086879871,-4609142849984407802,4577958334792019881,-4625796946389815581,4577364491175358746,0;4622181624841666473,4634559727278241256,-4609167111192979307,4577822240661590153,-4624874788051694081,4577240273905935572,0;
splash -1 9 4622100592565682176,4634626229029306368,-4608871268660281344,-4650974354273104807,4595648076894437376,4571218115922794693,0;4622097786090863822,4634636070640156672,-4608880190718424140,-4651089307372036646,4594106147046893440,4571099886488030424,0;4622095035745488306,4634642900669273492,-4608888934335574255,-4651201961411182404,4591518491615874890,4570920817379569837,0;4622092340406967842,4634646779348234056,-4608897503080548139,-4651312362371693952,4587945485008315343,4570745329649862989,0;4622089698975166378,4634647765703985196,-4608905900450785981,-4651420555315101000,4579072243722247451,4570573351671403116,0;4622087110371950562,4634645917582935935,-4608914129873779234,-4651526584401703524,-4640296309560549458,4570404813249232220,0;4622084573540749688,4634641291674568217,-4608922194708469585,-4651630492908596342,-4634065424536088759,4570239645592290127,0;4622082087446124446,4634633943534575429,-4608930098246619954,-4651732323247333201,-4631333610602530086,4570077781285336553,0;4622079651073344290,4634623927607538150,-4608937843714158063,-4651832116981237583,-4629178424916203630,4569919154261434734,0;4622077263427973267,4634611297249146386,-4608945434272493143,-4651929914842367291,-4627866607814245643,4569763699774985381,0;4622077263427973267,4634611297249146386,-4608945434272493143,-4651929914842367291,-4627866607814245643,4569763699774985381,1;4622077263427973267,4634611297249146386,-4608945434272493143,-4651929914842367291,-4627866607814245643,4569763699774985381,1;
crit 0 5 4622128129798574119,4634630663687298909,-4608787638495640427,4585095493085993617,4586518346625632501,-4640221552822135186,0;4622147405861270210,4634632360572957269,-4608729097381388734,4582565762161051045,4580522531885217523,-4642469531698726843,0;4622160899104927685,4634632141018014339,-4608688118602110413,4580493199852906689,-4656189550955279381,-4644875017952104637,0;4622170344375327065,4634630579954673352,-4608659433457104094,4577923991488030583,-4643266653603614835,-4647078037176130072,0;4622176956064494035,4634628079835469717,-4608639353855941624,4575892880495228344,-4640546473787766404,-4649525485767019809,0;4622176956064494035,4634628079835469717,-4608639353855941624,4575892880495228344,-4640546473787766404,-4649525485767019809,1;4622176956064494035,4634628079835469717,-4608639353855941624,4575892880495228344,-4640546473787766404,-4649525485767019809,1;4622176956064494035,4634628079835469717,-4608639353855941624,4575892880495228344,-4640546473787766404,-4649525485767019809,1;4622176956064494035,4634628079835469717,-4608639353855941624,4575892880495228344,-4640546473787766404,-4649525485767019809,1;4622176956064494035,4634628079835469717,-4608639353855941624,4575892880495228344,-4640546473787766404,-4649525485767019809,1;4622176956064494035,4634628079835469717,-4608639353855941624,4575892880495228344,-4640546473787766404,-4649525485767019809,1;4622176956064494035,4634628079835469717,-4608639353855941624,4575892880495228344,-4640546473787766404,-4649525485767019809,1;
crit 1 4 4622119112265771957,4634631042357170655,-4608777491450989626,4582294681807566288,4587061207744522968,-4639312377636906630,0;4622132076055614032,4634633004311734723,-4608711847405603335,4580303443608698889,4581282537438721359,-4641833109079905067,0;4622141150708348944,4634632970305022629,-4608665896574615469,4577658332750663805,-4668496154442236646,-4643984026300927648,0;4622147502965155204,4634631539125441015,-4608633730993471740,4575706919382238498,-4644011459020680672,-4646454343030927628,0;4622147502965155204,4634631539125441015,-4608633730993471740,4575706919382238498,-4644011459020680672,-4646454343030927628,1;4622147502965155204,4634631539125441015,-4608633730993471740,4575706919382238498,-4644011459020680672,-4646454343030927628,1;4622147502965155204,4634631539125441015,-4608633730993471740,4575706919382238498,-4644011459020680672,-4646454343030927628,1;4622147502965155204,4634631539125441015,-4608633730993471740,4575706919382238498,-4644011459020680672,-4646454343030927628,1;4622147502965155204,4634631539125441015,-4608633730993471740,4575706919382238498,-4644011459020680672,-4646454343030927628,1;4622147502965155204,4634631539125441015,-4608633730993471740,4575706919382238498,-4644011459020680672,-4646454343030927628,1;4622147502965155204,4634631539125441015,-4608633730993471740,4575706919382238498,-4644011459020680672,-4646454343030927628,1;4622147502965155204,4634631539125441015,-4608633730993471740,4575706919382238498,-4644011459020680672,-4646454343030927628,1;
crit 42 5 4622117984616601070,4634631418461518769,-4608760383209752161,4581890532351602891,4587600390928797198,-4638243547719872842,0;4622130159052036966,4634633643689122033,-4608682763395703590,4579880256952890263,4582037393883850152,-4640760080226038361,0;4622138681156696963,4634633793973534238,-4608628429526794891,4577262266297309618,4564537150248322442,-4642846500875039319,0;4622144646629857369,4634632491797737437,-4608590395819206512,4575202124330800159,-4644751218311710838,-4645402774789954458,0;4622148822460998540,4634630172899811646,-4608563772224348044,4572636493575715992,-4641066071426751310,-4647447466956333595,0;4622148822460998540,4634630172899811646,-4608563772224348044,4572636493575715992,-4641066071426751310,-4647447466956333595,1;4622148822460998540,4634630172899811646,-4608563772224348044,4572636493575715992,-4641066071426751310,-4647447466956333595,1;4622148822460998540,4634630172899811646,-4608563772224348044,4572636493575715992,-4641066071426751310,-4647447466956333595,1;4622148822460998540,4634630172899811646,-4608563772224348044,4572636493575715992,-4641066071426751310,-4647447466956333595,1;4622148822460998540,4634630172899811646,-4608563772224348044,4572636493575715992,-4641066071426751310,-4647447466956333595,1;4622148822460998540,4634630172899811646,-4608563772224348044,4572636493575715992,-4641066071426751310,-4647447466956333595,1;4622148822460998540,4634630172899811646,-4608563772224348044,4572636493575715992,-4641066071426751310,-4647447466956333595,1;
crit 1660 7 4622125821552784914,4634630896107548959,-4608791094277446135,4584681855447612389,4586851544290430179,-4640531190866653527,0;4622143481843456078,4634632755687379583,-4608734972210417242,4581986669477179216,4580989008607990221,-4642686278326198509,0;4622155844046715366,4634632650018355299,-4608695686764166044,4580014848926405030,-4660881626415546741,-4645178463225397327,0;4622164497588849498,4634631168675156006,-4608668186952258524,4577356480677165494,-4643723800776361738,-4647290448863817605,0;4622170555068240232,4634628724360050607,-4608648937084251084,4575334024460352139,-4640706475295503011,-4649822862124718066,0;4622174795303741535,4634625605964622413,-4608635462176875352,4572728823664830006,-4638773752226899107,-4651892607979874813,0;4622177763468541900,4634622015712976298,-4608626029741872973,4570656744496988413,-4638064231146763554,-4654464445033900117,0;4622177763468541900,4634622015712976298,-4608626029741872973,4570656744496988413,-4638064231146763554,-4654464445033900117,1;4622177763468541900,4634622015712976298,-4608626029741872973,4570656744496988413,-4638064231146763554,-4654464445033900117,1;4622177763468541900,4634622015712976298,-4608626029741872973,4570656744496988413,-4638064231146763554,-4654464445033900117,1;4622177763468541900,4634622015712976298,-4608626029741872973,4570656744496988413,-4638064231146763554,-4654464445033900117,1;4622177763468541900,4634622015712976298,-4608626029741872973,4570656744496988413,-4638064231146763554,-4654464445033900117,1;
crit -1 4 4622122175072236144,4634630211173870946,-4608784170687041006,4583392391625636837,4585869623386353591,-4639910837176918514,0;4622137282826566638,4634631591300135127,-4608723202106811058,4581071840468262552,4579067817695593201,-4642252030750779192,0;4622147858254417885,4634631150013620048,-4608680524101376896,4578734088335732924,-4651660988003141444,-4644570516630163553,0;4622155261053787689,4634629433738181200,-4608650649498081744,4576459948278962876,-4642793910591888921,-4646864886254401252,0;4622155261053787689,4634629433738181200,-4608650649498081744,4576459948278962876,-4642793910591888921,-4646864886254401252,1;4622155261053787689,4634629433738181200,-4608650649498081744,4576459948278962876,-4642793910591888921,-4646864886254401252,1;4622155261053787689,4634629433738181200,-4608650649498081744,4576459948278962876,-4642793910591888921,-4646864886254401252,1;4622155261053787689,4634629433738181200,-4608650649498081744,4576459948278962876,-4642793910591888921,-4646864886254401252,1;4622155261053787689,4634629433738181200,-4608650649498081744,4576459948278962876,-4642793910591888921,-4646864886254401252,1;4622155261053787689,4634629433738181200,-4608650649498081744,4576459948278962876,-4642793910591888921,-4646864886254401252,1;4622155261053787689,4634629433738181200,-4608650649498081744,4576459948278962876,-4642793910591888921,-4646864886254401252,1;4622155261053787689,4634629433738181200,-4608650649498081744,4576459948278962876,-4642793910591888921,-4646864886254401252,1;
poof 0 25 4622100592565682176,4634626229029306368,-4608871268660281344,-4640236285783441408,4592636477864253850,4579075194500415488,0;4622085986062434304,4634634295716397711,-4608902212303716352,-4640984138928034496,4592098679289606366,4578283037039614272,0;4622072840209859465,4634641837209568500,-4608930061582070105,-4641657206740338067,4591614660585245748,4577570095343779683,0;4622061008942855532,4634648906028223312,-4608955125931924504,-4642262967755364094,4591179043762861097,4576928447834526408,0;4622050360802834071,4634655549439825014,-4608977683846195883,-4642808152654445050,4590786988633100825,4576350965091496529,0;4622040777477068628,4634661809985089059,-4608997985968502301,-4643386422282258003,4590434139025663903,4575831230636537899,0;4622032152484108214,4634667725950658342,-4609016257878094037,-4644269621771975557,4590116574387383263,4575069717870509199,0;4622024389990649477,4634673331794510554,-4609032702596290963,-4645064501291664239,4589830766220502018,4574227748098085385,0;4622017403746721686,4634678658528824796,-4609047502842276124,-4645779892840432648,4589573538877123096,4573469975322978076,0;4622011116127353239,4634683734064561519,-4609060823063309904,-4646423745217267952,4589342034274214844,4572787979843448208,0;4622005457270071545,4634688583521584465,-4609072811261922727,-4647003212341069089,4589099339983698409,4572174183928131367,0;4622000364298652938,4634693229507770401,-4609083600640388447,-4647524732738674539,4588724302546857240,4571621767618980245,0;
poof 1 18 4622100592565682176,4634626229029306368,-4608871268660281344,-4647034925344620544,4591203213320493466,-4639290267696889856,0;4622095530563993600,4634632896043991695,-4608805451880988672,-4647553274441114752,4590808741234393710,-4640132722672692928,0;4622090974762594569,4634639177832030441,-4608746216781194462,-4648324761784850395,4590453716366308877,-4640890932130830001,0;4622086874541444060,4634645112916096447,-4608692905192791947,-4649164487276680753,4590134193993496980,-4641573320625076245,0;4622083184342506359,4634650735966595254,-4608644924764500731,-4649920240199307459,4589846623865584280,-4642187470253628455,0;4622079863163550409,4634656078186891022,-4608601742380182579,-4650600417811652941,4589587810757319056,-4642740204904682975,0;4622076874102569237,4634661167660010749,-4608562878235325791,-4651212577646547177,4589354878966050939,-4643264116335926269,0;4622074183947757447,4634666029660678066,-4608527900505881275,-4651763521483356961,4589122460428390898,-4644159546423192997,0;4622071762808490974,4634670686936143637,-4608496420550215145,-4652300326772978116,4588745110946529245,-4644965433480384335,0;4622069583783208873,4634675159958932518,-4608468088590866168,-4653192855741322078,4588405496421850471,-4645690731812642695,0;4622067622660506934,4634679467154316771,-4608442589828127576,-4653996131791552095,4588099843357736615,-4646343500294382759,0;4622065857650121946,4634683625105040812,-4608419640942270781,-4654719080217607517,4587824755607321481,-4646930991912385603,0;
poof 42 23 4622100592565682176,4634626229029306368,-4608871268660281344,4580938277225234432,4588057458570900276,-4642201527526621184,0;4622110907127824384,4634630366284333711,-4608828196098408448,4580410171517643200,4587786609300179308,-4642752856450041280,0;4622120190233506453,4634634371288740585,-4608789430793749772,4579708931751009793,4587542844962987987,-4643286889116967945,0;4622128545028398989,4634638257267592190,-4608754542020481200,4578853400550039673,4587323457065327593,-4644180041925587560,0;4622136064343603077,4634642036123446890,-4608723142125371298,4578083422489564018,4587126007962663853,-4644983879432050791,0;4622142831727107482,4634645718568606930,-4608694882220521018,4577390442253493636,4586948303774974041,-4645707333168702720,0;4622148922372100099,4634649314244144075,-4608669448306829535,4576766760057552229,4586788370010290008,-4646358441514440974,0;4622154403952448242,4634652831827022683,-4608646557785113592,4576205446096074705,4586644429625887496,-4646944439010081770,0;4622159337374630880,4634656279126510469,-4608625956316114996,4575700263544127701,4586514883283357041,-4647471836742187218,0;4622163777454477632,4634659663170948192,-4608607414994507437,4574833977110415840,4586398291578168257,-4648178173930664086,0;4622167773526233849,4634662990285842365,-4608590727805502693,4574015581419621859,4586293359046278115,-4649032558211408001,0;4622171369990719171,4634666266164148701,-4608575709335796277,4573279025317419350,4586198919770078773,-4649801504043707416,0;
poof 1660 38 4622100592565682176,4634626229029306368,-4608871268660281344,-4640763087681486848,4593809694942612685,-4637181717927428096,0;4622087014972391424,4634635576275092111,-4608777057755725824,-4641458260623715456,4593278842151101767,-4637784667860337856,0;4622074795138753462,4634644270271057329,-4608692267943872019,-4642083916255146989,4592676807132454333,-4638327322785581193,0;4622063797288770640,4634652376342199649,-4608615957115225141,-4642647006308518576,4592134975630025276,-4638923808219113710,0;4622053899224048309,4634659953281015379,-4608547277371262343,-4643153787343127891,4591647327290757394,-4639802909151431471,0;4622044990966034200,4634667054000749792,-4608485465603333277,-4644008564705405970,4591208443797042743,-4640594099969558057,0;4622036973534033891,4634673726123322375,-4608429835013670825,-4644829549937975696,4590813448663163355,-4641306171687008525,0;4622029757845424763,4634680012508459528,-4608379767484300955,-4645568436627714636,4590457953052089324,-4641947036215736834,0;4622023263725848584,4634685951729913992,-4608334706709061775,-4646233434630863250,4590138007010598372,-4642523814276312911,0;4622017419018384854,4634691578504062312,-4608294152012420846,-4646831932817842215,4589850055580884623,-4643042914517079919,0;4622012158781806846,4634696924075642553,-4608257652786410909,-4647370581171853975,4589590899301007546,-4643808993623806449,0;4622007424569012053,4634702016564918226,-4608224803483872175,-4647995913908892491,4589357658655296944,-4644649935969294272,0;
poof -1 20 4622100592565682176,4634626229029306368,-4608871268660281344,-4636182285480099840,4592216305911306650,4580328987795914752,0;4622073135806545920,4634633885392224911,-4608907766835183616,-4636885178681570752,4591720524541971566,4579562801055769728,0;4622048424723977910,4634641057593649963,-4608940615191725476,-4637517782546136293,4591274321321390339,4578721882927807642,0;4622026184750255859,4634647794049742416,-4608970178711829985,-4638087126009162828,4590872738433505549,4577965056632690815,0;4622006168774436255,4634654138335045919,-4608996785879219193,-4638599535112312504,4590511313843983720,4577283912985129816,0;4621988154396675830,4634660129666648717,-4609020732329235116,-4639413790394249975,4590186031722031108,4576670883718564647,0;4621971941457120943,4634665803339929296,-4609042284133678519,-4640243893097372025,4589893277820029087,4576119157393271751,0;4621957349811908092,4634671191120727451,-4609061680757163747,-4640990985510390679,4589629799315207065,4575587986018900715,0;4621944217331564418,4634676321598298241,-4609079137717838000,-4641663368664295396,4589392668667149062,4574694189419281273,0;4621932398099568214,4634681220502970537,-4609094848982028622,-4642268513486778778,4589179251089550495,4573889772500933547,0;4621921760791053423,4634685910992039709,-4609108989119425596,-4642813143812586045,4588806330259064688,4573165797293599388,0;4621912187213643724,4634690413907071039,-4609121715242745745,-4643395406366673797,4588460593801672787,4572514219624259559,0;
terrain 0 5 4622100592565682176,4634626229029306368,-4608871268660281344,4589779606582283836,4587967845155591605,4590473907413793422,0;4622140554955675292,4634627226303035256,-4609052815121238484,4589677302961465887,4579159894996188177,4590357717789588018,0;4622179718098630768,4634625388881541481,-4609230730656439206,4589577045411113010,-4640339258433072238,4590243851955650581,0;4622218097979474112,4634620773458675429,-4609405087884329383,4589478793009854929,-4634075946946925617,4590132263436220074,0;4622255710263432628,4634613435594411559,-4609575957970987356,4589382505654747994,-4631343922502214886,4590022906685049795,0;4622292570302429371,4634603429737525902,-4609743410659171258,4589288144044906662,-4629183477715579513,4589915737066817108,0;4622292570302429371,4634603429737525902,-4609743410659171258,4589288144044906662,-4629183477715579513,4589915737066817108,1;4622292570302429371,4634603429737525902,-4609743410659171258,4589288144044906662,-4629183477715579513,4589915737066817108,1;4622292570302429371,4634603429737525902,-4609743410659171258,4589288144044906662,-4629183477715579513,4589915737066817108,1;4622292570302429371,4634603429737525902,-4609743410659171258,4589288144044906662,-4629183477715579513,4589915737066817108,1;4622292570302429371,4634603429737525902,-4609743410659171258,4589288144044906662,-4629183477715579513,4589915737066817108,1;4622292570302429371,4634603429737525902,-4609743410659171258,4589288144044906662,-4629183477715579513,4589915737066817108,1;
terrain 1 5 4622100592565682176,4634626229029306368,-4608871268660281344,-4645904298685958066,4589637620327504892,4589493227792504458,0;4622094426436397250,4634628270919836468,-4609022168883073204,-4646030580893281139,4583853533507012192,4589396651742019854,0;4622088383629580413,4634627457222827806,-4609170051104287420,-4646154337458866393,-4645685925169520991,4589302007210702900,0;4622082461678784655,4634623845049976690,-4609314975683897982,-4646275618895500411,-4635961440278777987,4589209255568207084,0;4622076658166891860,4634617490370746594,-4609457001774680549,-4646394474705715008,-4632330568366509616,4589068697623048751,0;4622070970725126228,4634608448035212787,-4609596187346356398,-4646510953401992308,-4629666934198493319,4588890540261207927,0;4622070970725126228,4634608448035212787,-4609596187346356398,-4646510953401992308,-4629666934198493319,4588890540261207927,1;4622070970725126228,4634608448035212787,-4609596187346356398,-4646510953401992308,-4629666934198493319,4588890540261207927,1;4622070970725126228,4634608448035212787,-4609596187346356398,-4646510953401992308,-4629666934198493319,4588890540261207927,1;4622070970725126228,4634608448035212787,-4609596187346356398,-4646510953401992308,-4629666934198493319,4588890540261207927,1;4622070970725126228,4634608448035212787,-4609596187346356398,-4646510953401992308,-4629666934198493319,4588890540261207927,1;4622070970725126228,4634608448035212787,-4609596187346356398,-4646510953401992308,-4629666934198493319,4588890540261207927,1;
terrain 42 5 4622100592565682176,4634626229029306368,-4608871268660281344,-4632824710726119552,4593064762766080953,4592323449468008402,0;4622054632366733025,4634631617738624140,-4609110613310432703,-4632942368723221862,4590072098342984087,4592170269037995914,0;4622009591370886236,4634634083924091232,-4609345171072146171,-4633057673562626274,4585110554012001803,4592020152213661991,0;4621965451194097294,4634633686036128914,-4609575037683099204,-4633170672307441863,-4650333398129630262,4591873037722951495,0;4621922193820002224,4634630481356151147,-4609800306966217534,-4633281411079516420,-4636779294791220846,4591728865519249223,0;4621879801592563986,4634624526019944704,-4610021070867970168,-4633389935078261660,-4632731317085406285,4591587576756871129,0;4621879801592563986,4634624526019944704,-4610021070867970168,-4633389935078261660,-4632731317085406285,4591587576756871129,1;4621879801592563986,4634624526019944704,-4610021070867970168,-4633389935078261660,-4632731317085406285,4591587576756871129,1;4621879801592563986,4634624526019944704,-4610021070867970168,-4633389935078261660,-4632731317085406285,4591587576756871129,1;4621879801592563986,4634624526019944704,-4610021070867970168,-4633389935078261660,-4632731317085406285,4591587576756871129,1;4621879801592563986,4634624526019944704,-4610021070867970168,-4633389935078261660,-4632731317085406285,4591587576756871129,1;4621879801592563986,4634624526019944704,-4610021070867970168,-4633389935078261660,-4632731317085406285,4591587576756871129,1;
terrain 1660 6 4622100592565682176,4634626229029306368,-4608871268660281344,4585916702092962945,4590049978542653364,4588526599861030561,0;4622123076476061741,4634628673613405949,-4609001983954425659,4585801584581604293,4585067199202509783,4588359284444090406,0;4622145110708662561,4634628254556103059,-4609130084945180284,4585688769418277122,-4649993496416597406,4588195315332297766,0;4622166704257031634,4634625029130171127,-4609255623918563149,4585578210556064716,-4636737656830563932,4588034625599613516,0;4622187865934845190,4634619053462929207,-4609378652114872822,4585469862868987815,-4632710914484287306,4587877149658518038,0;4622208604379506102,4634610382559151042,-4609499219749602878,4585363682133585884,-4630006190662793412,4587722823233240854,0;4622228928055669350,4634599070323515950,-4609617376033937978,4585259625010866755,-4628527989101505386,4587571583333525671,0;4622228928055669350,4634599070323515950,-4609617376033937978,4585259625010866755,-4628527989101505386,4587571583333525671,1;4622228928055669350,4634599070323515950,-4609617376033937978,4585259625010866755,-4628527989101505386,4587571583333525671,1;4622228928055669350,4634599070323515950,-4609617376033937978,4585259625010866755,-4628527989101505386,4587571583333525671,1;4622228928055669350,4634599070323515950,-4609617376033937978,4585259625010866755,-4628527989101505386,4587571583333525671,1;4622228928055669350,4634599070323515950,-4609617376033937978,4585259625010866755,-4628527989101505386,4587571583333525671,1;
terrain -1 11 4622100592565682176,4634626229029306368,-4608871268660281344,4585271792381737185,4576568676457957584,4591487863183140991,0;4622120557297502265,4634624075296955876,-4609084501239030596,4585169573052302372,-4639069561324627462,4591351394462888307,0;4622140122735066749,4634619149889444208,-4609293469170271952,4585069398107506576,-4633764871149302259,4591217655114437743,0;4622159296864253125,4634611508240221722,-4609498257746874227,4584971226659696011,-4631039068214610695,4591086590550405314,0;4622178087511221491,4634601204674070826,-4609698950555850489,4584875018638969185,-4629034099111746143,4590958147275153676,0;4622196502345608892,4634588292429279317,-4609895629512475137,4584780734776821873,-4627725168491556499,4590832272862957210,0;4622214548883659780,4634572823679370250,-4610088374893718646,4584688336590119186,-4626442416458804778,4590708915936603809,0;4622232234491293861,4634554849554397215,-4610277265371013611,4584531152067611466,-4625191068375870466,4590588026146424629,0;4622249566387112587,4634534420161813704,-4610462378042365477,4584353673623684511,-4624575090825765868,4590469554149743243,0;4622266551645345518,4634511584606925097,-4610643788463821049,4584179744745250962,-4623971432814914522,4590353451590735811,0;4622283197198737758,4634486391012931602,-4610821570680307639,4584009294441068654,-4623379847952766340,4590239671080694047,0;4622299509841379642,4634458886540570341,-4610995797255855424,4583842253139718910,-4622800094776577536,4590128166178682927,0;
scalars 0 1042203591 1041102949 1061875554 1051965662 1072002327 1059231244 1058805034 1058165719 5 1
scalars 1 1040742496 1047336485 1060502429 1073545544 1077530403 1061958517 1061423216 1060620265 4 1
scalars 42 1040369112 1046405351 1065061662 1074258276 1073713695 1062204354 1061659220 1060841518 5 1
scalars 1660 1038205530 1039025125 1061155200 1061969971 1063697638 1059981727 1059525498 1058841154 7 1
scalars -1 1041304341 1045204947 1063343954 1067013032 1075748788 1060652015 1060168974 1059444413 4 1
